[?25l[0m[38;2;0;0;0m               [0m  [38;2;26;18;31m▃[38;2;45;36;48m▄[38;2;52;41;55m▄[38;2;47;36;50m▂[0m [38;2;26;27;38m                  [0m
[38;2;0;0;0m             [38;2;19;16;28m▂[38;2;20;15;27m╼[38;2;18;15;26m╴[7m[38;2;36;28;41m▇[0m [7m[38;2;18;13;25m▇[38;2;51;41;54m▇[38;2;55;45;58m▃[0m[38;2;71;55;70;48;2;35;28;40m▇[0m[38;2;46;33;48m▁                 [0m
[38;2;0;0;0m            [0m [38;2;19;15;27m▘▁[38;2;61;46;60m▁[38;2;46;36;48m▂[38;2;51;41;54;48;2;31;27;38m▗[0m[38;2;51;42;54m▅[38;2;46;37;49m▆[38;2;43;34;47m▖[7m[38;2;46;34;48m▋[0m[38;2;76;60;75;48;2;19;14;26m▌[0m[38;2;76;60;75m                 [0m
[38;2;0;0;0m          [0m  [38;2;83;63;78m▄[38;2;82;63;78m▇[38;2;84;67;81;48;2;19;13;25m▇[38;2;65;55;68;48;2;77;63;77m▁[38;2;48;40;51;48;2;70;59;72m▂[38;2;49;41;51;48;2;65;54;67m╶[38;2;43;35;46;48;2;69;57;70m╍[48;2;62;52;64m┵[38;2;36;28;40;48;2;47;38;50m▝[38;2;35;27;39;48;2;27;21;33m▅[38;2;34;27;39;48;2;47;38;50m▝[38;2;64;53;66;48;2;27;22;33m▅[0m[38;2;67;55;68m▅[38;2;77;59;73m▄[38;2;52;39;52m▁[0m [38;2;24;24;35m            [0m
[38;2;0;0;0m     [7m[38;2;19;16;27m▋[0m[38;2;42;32;45m▁[0m  [38;2;20;15;28m┎[7m[38;2;28;23;35m╴[0m[38;2;36;26;39;48;2;92;69;85m▘[38;2;107;81;97;48;2;84;66;81m▉[38;2;63;52;65;48;2;66;55;68m╎[38;2;44;34;46;48;2;58;48;60m┎[38;2;69;57;70;48;2;44;36;47m▅[38;2;75;62;76;48;2;71;59;73m┊[38;2;44;35;47;48;2;65;54;66m╻[38;2;32;25;36;48;2;66;55;68m━[38;2;26;19;30;48;2;53;44;56m━[38;2;61;51;63;48;2;44;36;48m▚[38;2;62;51;63;48;2;40;32;43m▝[38;2;29;22;33;48;2;66;55;68m▃[38;2;68;57;70;48;2;55;46;59m▇[38;2;65;54;67;48;2;47;38;49m▇[38;2;51;42;54;48;2;63;52;65m┱[38;2;54;44;56;48;2;96;74;89m╾[38;2;81;61;76;48;2;30;23;35m▖[0m[38;2;19;17;28m╺[0m [38;2;21;19;30m          [0m
[38;2;0;0;0m      [7m[38;2;47;36;50m▆[38;2;54;43;56m▄[0m[38;2;63;50;63;48;2;31;22;35m▆[38;2;81;64;78;48;2;48;35;48m▆[38;2;73;61;74;48;2;115;87;104m▆[38;2;69;56;70;48;2;111;85;102m▃[38;2;79;61;75;48;2;112;85;102m╸[38;2;59;48;61;48;2;93;71;87m▝[38;2;98;77;92;48;2;68;56;69m▖[38;2;51;41;53;48;2;67;55;68m┎[38;2;50;41;52;48;2;63;53;65m▝[38;2;72;61;73;48;2;65;54;66m╴[38;2;48;39;51;48;2;67;55;68m┙[38;2;71;56;70;48;2;58;46;59m▖[38;2;102;79;95;48;2;56;46;58m▃[38;2;78;61;75;48;2;53;44;56m▃[38;2;65;55;68;48;2;46;37;49m▇[38;2;39;31;42;48;2;59;49;61m┕[38;2;49;40;52;48;2;72;60;73m▖[38;2;110;84;101;48;2;68;55;68m▆[38;2;66;53;66;48;2;117;89;106m▚[38;2;61;51;63;48;2;72;60;73m▁[38;2;69;56;69;48;2;48;36;49m▆[0m[38;2;51;40;53m▆[38;2;58;45;58m▃[0m [38;2;26;27;38m        [0m
[38;2;0;0;0m     [0m [38;2;46;34;47;48;2;45;38;51m╼[38;2;62;49;62;48;2;42;32;46m▇[38;2;25;20;30;48;2;66;55;67m╴[38;2;54;45;57;48;2;72;61;74m▗[38;2;52;42;54;48;2;68;56;69m┙[38;2;71;60;73;48;2;64;53;66m▇[38;2;83;64;79;48;2;67;55;68m╹[38;2;81;66;80;48;2;115;87;104m▄[38;2;58;44;57;48;2;94;72;87m┏[38;2;111;85;102;48;2;64;52;65m▅[38;2;104;81;97;48;2;66;55;68m▖[38;2;48;40;51;48;2;64;53;66m┛[38;2;51;42;54;48;2;72;60;73m▗[38;2;50;41;53;48;2;69;58;71m▘[38;2;72;60;73;48;2;91;72;87m▇[38;2;50;40;53;48;2;68;56;69m▝[38;2;87;68;83;48;2;65;55;67m▁[38;2;99;75;91;48;2;71;58;72m▗[38;2;55;42;55;48;2;102;77;93m▝[38;2;65;52;65;48;2;117;89;107m▄[38;2;102;78;95;48;2;72;60;73m▘[38;2;46;37;48;48;2;64;53;66m╺[38;2;58;48;60;48;2;71;59;72m▏[38;2;34;27;38;48;2;68;57;69m▝[38;2;27;22;33;48;2;49;39;51m▅[38;2;60;47;61;48;2;29;24;37m▘[0m [38;2;21;19;30m       [0m
[38;2;0;0;0m    [7m[38;2;25;21;33m▉[0m[38;2;52;40;54;48;2;30;24;37m╱[0m[7m[38;2;33;28;40m╴[0m[38;2;30;22;35;48;2;74;60;73m▘[38;2;45;37;48;48;2;67;56;68m┎[38;2;48;40;51;48;2;66;56;68m▘[38;2;64;53;66;48;2;73;61;74m▁[38;2;71;60;73;48;2;57;46;59m▚[38;2;73;61;74;48;2;72;61;74m┈[38;2;41;33;44;48;2;62;52;64m┏[38;2;61;51;63;48;2;78;64;77m▚[38;2;118;89;107;48;2;80;65;79m▝[38;2;96;74;90;48;2;65;51;64m▚[38;2;96;76;91;48;2;118;89;107m▝[38;2;106;82;99;48;2;43;35;47m▋[38;2;122;92;110;48;2;78;64;78m▄[38;2;118;90;107;48;2;77;63;77m▄[38;2;113;86;103;48;2;80;64;78m┏[38;2;40;32;43;48;2;106;82;99m▍[38;2;123;93;111;48;2;84;67;82m▘[38;2;69;58;71;48;2;105;81;98m▆[38;2;26;21;30;48;2;60;50;63m╹[38;2;57;47;59;48;2;72;60;73m▏[38;2;73;61;74;48;2;72;60;74m┈[38;2;44;36;47;48;2;60;51;63m┖[38;2;69;58;71;48;2;66;55;68m╴[38;2;33;26;37;48;2;68;57;70m▝[0m[38;2;47;38;50m▖[7m[38;2;35;29;41m▉[0m[38;2;22;14;27m▖      [0m
[38;2;0;0;0m    [7m[38;2;20;16;27m▎[38;2;42;33;45m▉[0m[38;2;48;37;49;48;2;67;53;66m▘[38;2;58;48;60;48;2;64;54;67m╹[38;2;36;29;39;48;2;67;56;68m▂[38;2;35;28;39;48;2;65;55;67m╸[38;2;68;57;70;48;2;59;48;61m▚[38;2;69;58;71;48;2;73;60;74m▏[38;2;73;61;74;48;2;49;40;52m▊[38;2;48;40;51;48;2;65;54;67m┛[38;2;62;52;65;48;2;69;58;71m▖[38;2;111;71;75;48;2;65;50;62m▁[38;2;37;24;34;48;2;71;59;72m▎[38;2;72;59;73;48;2;95;75;90m▇[38;2;85;68;82;48;2;61;51;63m▘[38;2;68;56;70;48;2;114;87;104m▅[38;2;76;62;76;48;2;119;90;107m▇[38;2;70;58;71;48;2;55;42;54m▋[38;2;202;131;129;48;2;67;50;60m▖[38;2;70;59;71;48;2;71;59;72m┊[38;2;61;50;63;48;2;70;59;72m▝[38;2;55;46;58;48;2;62;51;64m┒[38;2;33;26;37;48;2;66;55;68m▖[38;2;72;60;73;48;2;74;61;75m▅[38;2;70;58;71;48;2;37;29;40m▊[38;2;34;27;38;48;2;65;54;67m▏[38;2;28;21;32;48;2;58;48;60m╺[38;2;32;25;36;48;2;64;53;65m▂[38;2;66;55;68;48;2;41;32;45m▄[0m[38;2;45;36;49m▃[38;2;22;16;29m▂[38;2;19;15;26m▂[0m [38;2;26;27;38m   [0m
[38;2;0;0;0m  [38;2;19;16;27m▝[38;2;39;30;43m╺[38;2;24;20;32;48;2;53;42;56m▄[38;2;43;34;46;48;2;79;63;77m▆[38;2;68;57;70;48;2;42;34;45m▗[38;2;38;31;41;48;2;59;49;61m▗[38;2;49;40;52;48;2;56;49;60m╵[38;2;35;28;38;48;2;66;58;71m▗[38;2;47;39;50;48;2;73;61;74m▍[38;2;73;61;74;48;2;73;61;75m▋[38;2;40;32;45;48;2;63;52;65m┣[38;2;70;57;70;48;2;61;48;60m╴[38;2;65;52;64;48;2;72;57;69m┈[38;2;121;90;93;48;2;186;143;140m▎[38;2;54;40;52;48;2;75;61;74m▎[38;2;81;63;77;48;2;75;62;75m▂[38;2;59;48;60;48;2;73;59;73m┗[38;2;53;42;55;48;2;64;52;65m╲[38;2;75;59;72;48;2;68;53;66m▌[38;2;169;140;138;48;2;81;60;69m▗[38;2;216;182;177;48;2;157;121;120m▊[38;2;72;52;61;48;2;81;62;73m╴[38;2;65;51;65;48;2;72;57;69m╴[38;2;50;41;53;48;2;68;56;69m┗[38;2;36;28;39;48;2;70;58;71m▌[38;2;64;53;66;48;2;70;59;72m▗[38;2;66;54;67;48;2;35;28;39m▊[38;2;35;28;40;48;2;62;52;65m▌[38;2;39;31;43;48;2;61;51;64m╲[38;2;60;50;63;48;2;38;31;42m▖[38;2;27;21;33m▂[38;2;30;24;36;48;2;50;40;54m┗[0m[7m[38;2;32;25;38m▅[38;2;21;17;29m▇[0m[38;2;26;26;37m    [0m
[38;2;0;0;0m   [7m[38;2;18;14;25m▉[0m[38;2;57;44;59;48;2;36;28;40m▝[38;2;32;26;38;48;2;61;48;61m▘[38;2;29;23;33;48;2;62;51;63m▗[38;2;28;23;33;48;2;46;42;52m╴[38;2;98;168;168;48;2;61;83;90m▖[38;2;89;36;62;48;2;41;34;45m╻[38;2;72;60;73;48;2;71;59;72m▉[38;2;65;46;56;48;2;73;60;74m▁[38;2;50;35;46;48;2;98;64;69m▉[38;2;31;9;16;48;2;175;136;135m▁[38;2;103;81;88;48;2;229;203;196m▊[38;2;144;135;132;48;2;243;209;200m▁[38;2;182;128;127;48;2;91;65;77m▖[38;2;83;60;74;48;2;95;68;81m╴[38;2;98;71;85;48;2;89;67;81m▅[38;2;71;53;66;48;2;88;64;77m┊[38;2;185;131;129;48;2;115;79;86m▖[38;2;139;111;113;48;2;229;183;175m▘[38;2;38;13;21;48;2;237;206;197m▁[38;2;11;4;16;48;2;194;167;162m▁[38;2;203;161;158;48;2;83;60;68m┗[38;2;194;137;133;48;2;73;52;61m╴[38;2;40;29;39;48;2;69;51;63m▍[38;2;66;55;67;48;2;69;56;68m┊[38;2;188;158;155;48;2;52;40;50m▁[38;2;116;89;90;48;2;42;32;43m▁[38;2;42;34;46;48;2;68;57;70m▖[38;2;33;27;38;48;2;58;48;60m╺[38;2;40;32;44;48;2;23;19;31m▎[0m[38;2;47;38;50m▝[38;2;63;49;63;48;2;35;27;39m▘[0m[38;2;18;14;26m▏    [0m
[38;2;0;0;0m  [38;2;17;12;24m━[38;2;50;38;52;48;2;25;21;33m▝[38;2;31;25;35;48;2;65;51;65m╸[38;2;29;24;36;48;2;53;44;56m▗[38;2;57;47;59;48;2;30;24;34m▗[38;2;40;36;45;48;2;102;181;180m▋[38;2;112;197;196;48;2;58;43;59m▎[38;2;152;33;85;48;2;108;38;72m┹[38;2;101;43;72;48;2;69;54;68m▁[38;2;66;51;64;48;2;58;32;39m▇[38;2;59;33;42;48;2;113;92;101m▉[38;2;217;199;209;48;2;9;3;15m▆[38;2;168;154;182;48;2;41;30;53m▃[38;2;151;126;174;48;2;44;35;55m▃[38;2;160;143;167;48;2;74;52;68m▃[38;2;197;163;161;48;2;147;105;108m▅[38;2;240;200;193;48;2;104;75;86m▂[38;2;241;191;184;48;2;110;78;86m▂[38;2;158;123;124;48;2;221;189;183m▌[38;2;229;212;214;48;2;97;68;72m▆[38;2;166;146;174;48;2;43;31;61m▄[38;2;136;110;154;48;2;52;42;67m▄[38;2;240;221;222;48;2;96;81;106m▗[38;2;175;153;162;48;2;73;45;53m▌[38;2;79;60;74;48;2;56;31;37m▆[38;2;72;57;69;48;2;111;75;80m▉[38;2;143;92;93;48;2;230;160;154m▎[38;2;198;163;161;48;2;39;31;38m▋[38;2;46;59;67;48;2;35;28;40m╻[38;2;39;31;42;48;2;65;55;68m▅[38;2;63;52;66;48;2;46;37;48m▚[0m[38;2;56;45;58m▅[38;2;45;35;49m▂[38;2;16;10;22m▁[0m [38;2;26;27;38m   [0m
[38;2;0;0;0m   [38;2;26;18;30;48;2;45;37;50m┠[0m[7m[38;2;59;46;59m▅[38;2;21;17;29m▌[0m[38;2;37;29;39;48;2;64;51;64m▁[38;2;41;33;45;48;2;47;41;53m╴[38;2;85;153;153;48;2;72;60;78m▘[38;2;104;42;74;48;2;190;50;112m▉[38;2;103;53;77;48;2;206;55;123m▝[38;2;62;49;62;48;2;92;64;81m▝[38;2;55;38;49;48;2;77;57;69m▅[38;2;72;52;62;48;2;204;160;155m╸[38;2;247;194;185;48;2;201;158;162m▇[38;2;250;210;200;48;2;161;128;142m▆[38;2;250;220;210;48;2;233;210;205m▇[38;2;250;224;215;48;2;250;222;213m┊[38;2;250;229;222;48;2;250;223;214m╹[38;2;250;223;214;48;2;250;222;213m▘[38;2;250;222;213;48;2;249;223;215m▇[38;2;250;222;212;48;2;250;220;211m▋[38;2;250;214;205;48;2;232;194;186m▇[38;2;249;202;192;48;2;211;166;162m▇[38;2;95;68;75;48;2;224;173;166m╺[38;2;128;90;92;48;2;85;60;71m▏[38;2;87;64;79;48;2;63;49;63m▉[38;2;171;134;132;48;2;66;56;66m▝[38;2;51;43;54;48;2;206;168;164m▅[38;2;48;47;57;48;2;89;83;90m▇[38;2;98;177;176;48;2;52;75;82m▖[38;2;42;35;46;48;2;27;22;32m▖[38;2;22;19;30;48;2;40;33;45m╷[38;2;29;21;33;48;2;69;54;68m▝[0m[38;2;22;17;29m╴[7m[38;2;20;16;28m▆[0m[38;2;26;27;38m    [0m
[38;2;0;0;0m   [0m  [38;2;44;34;46m▗[38;2;32;24;36;48;2;68;55;68m▘[38;2;72;60;73;48;2;40;32;44m▘[38;2;59;47;61m▗[38;2;216;57;130;48;2;109;42;76m╻[38;2;138;47;90;48;2;234;67;141m▖[38;2;233;66;139;48;2;114;49;80m▖[38;2;88;64;78;48;2;51;39;52m▚[38;2;57;55;71;48;2;124;103;106m▇[38;2;74;61;76;48;2;246;213;203m▆[38;2;64;48;64;48;2;236;207;198m▄[38;2;52;33;47;48;2;244;217;208m▃[38;2;75;57;65;48;2;246;215;206m▂[38;2;101;71;71;48;2;248;216;207m▂[38;2;128;92;89;48;2;249;221;212m▂[38;2;113;77;75;48;2;248;218;209m▂[38;2;46;26;38;48;2;244;217;208m▃[38;2;49;39;58;48;2;227;197;189m▃[38;2;61;49;67;48;2;225;193;185m▅[38;2;62;47;61;48;2;161;129;126m▇[38;2;103;74;88;48;2;96;70;85m┊[38;2;79;60;74;48;2;40;31;43m▚[38;2;51;43;55;48;2;150;143;153m▋[38;2;96;89;102;48;2;56;56;68m▏[38;2;58;68;75;48;2;109;189;189m▘[38;2;100;179;178;48;2;46;54;62m▘[38;2;35;28;40;48;2;64;53;66m▝[0m[38;2;32;23;36m▏[38;2;60;45;59m▝[0m [38;2;26;26;37m     [0m
[38;2;0;0;0m    [7m[38;2;19;15;27m▆[38;2;45;34;48m▇[0m[38;2;57;44;60m▝[38;2;51;40;53;48;2;27;22;34m▄[38;2;53;43;56;48;2;70;58;72m▚[38;2;173;50;108;48;2;85;45;72m┗[38;2;159;49;102;48;2;93;43;72m▖[38;2;74;62;77;48;2;196;80;134m▖[38;2;219;215;218;48;2;86;41;69m▂[38;2;221;219;220;48;2;56;66;81m▂[38;2;217;211;216;48;2;53;45;65m▂[38;2;134;123;139;48;2;59;51;72m▃[38;2;206;190;210;48;2;61;51;71m▃[38;2;141;100;108;48;2;48;37;57m▄[38;2;231;161;154;48;2;36;26;38m▅[38;2;179;142;145;48;2;111;84;88m╎[38;2;211;153;148;48;2;65;46;52m▅[38;2;246;171;163;48;2;64;45;56m▖[38;2;178;114;111;48;2;58;47;66m▃[38;2;211;148;142;48;2;51;41;56m▂[38;2;75;55;68;48;2;58;44;56m┕[38;2;80;61;76;48;2;50;39;52m▚[38;2;89;75;90;48;2;64;52;69m╷[38;2;66;64;81;48;2;118;112;121m▇[38;2;73;74;87;48;2;96;164;166m▘[38;2;49;63;72;48;2;84;149;151m╻[38;2;70;133;133;48;2;50;41;54m▏[38;2;26;23;35;48;2;55;46;58m▆[38;2;49;39;53;48;2;43;35;48m┈[0m[38;2;38;29;42m╸[0m [38;2;20;18;30m     [0m
[38;2;0;0;0m     [0m [38;2;41;32;43m▝[7m[38;2;52;41;54m▅[0m[38;2;144;109;106;48;2;46;36;48m▗[38;2;205;170;165;48;2;50;39;55m▆[38;2;141;110;116;48;2;56;37;54m▆[38;2;244;237;240;48;2;242;233;238m▇[38;2;88;86;91;48;2;242;240;241m▄[38;2;67;64;70;48;2;249;247;247m▃[38;2;58;55;62;48;2;216;211;214m▖[38;2;230;222;227;48;2;17;12;25m▊[38;2;73;67;77;48;2;232;224;232m▏[38;2;174;163;175;48;2;223;212;218m╹[38;2;185;176;182;48;2;217;192;190m╷[38;2;181;167;167;48;2;247;207;198m▁[38;2;155;132;129;48;2;242;205;197m▁[38;2;245;204;196;48;2;70;60;67m▘[38;2;50;43;50;48;2;197;166;160m▖[38;2;251;223;213;48;2;250;220;210m╴[38;2;219;185;178;48;2;59;34;42m▋[38;2;44;35;47;48;2;64;51;66m╍[38;2;59;48;62;48;2;73;75;93m▍[38;2;83;134;136;48;2;68;91;103m┌[38;2;66;96;104;48;2;93;159;160m▖[38;2;93;164;165;48;2;58;74;83m▍[38;2;20;16;26;48;2;47;40;53m┏[38;2;54;44;57;48;2;32;27;39m▚[0m[38;2;35;27;40m╴[0m [38;2;25;25;36m      [0m
[38;2;0;0;0m      [0m  [38;2;43;26;34;48;2;227;194;185m▋[38;2;241;187;179;48;2;247;216;206m┗[38;2;214;165;160;48;2;74;66;82m▋[38;2;242;234;237;48;2;146;143;147m▉[38;2;235;230;232;48;2;95;92;98m▂[38;2;220;218;219;48;2;75;72;78m▂[38;2;216;211;214;48;2;84;80;86m▃[38;2;230;222;228;48;2;19;13;26m▊[38;2;82;78;86;48;2;243;239;241m▏[38;2;149;147;150;48;2;243;237;240m▁[38;2;221;208;222m╶[38;2;233;226;231;48;2;164;149;154m▇[38;2;230;223;230;48;2;91;78;86m▅[38;2;226;221;224;48;2;62;56;65m▄[38;2;216;212;215;48;2;46;40;49m▃[38;2;126;99;103;48;2;219;198;193m▍[38;2;250;226;216;48;2;216;195;191m┈[38;2;210;207;209;48;2;76;53;64m▂[38;2;57;49;64;48;2;73;64;81m┊[38;2;109;196;194;48;2;70;98;106m┏[38;2;64;78;90;48;2;86;149;151m▅[38;2;82;137;141;48;2;60;79;87m▘[38;2;56;67;76;48;2;32;29;41m▄[0m[38;2;22;18;30m▂        [0m
[38;2;0;0;0m        [0m [38;2;101;70;80;48;2;223;184;178m▅[38;2;226;160;154;48;2;64;42;49m▇[38;2;94;61;69;48;2;217;172;174m╺[38;2;116;93;105;48;2;237;230;236m▅[38;2;91;82;97;48;2;227;217;228m━[38;2;78;70;86;48;2;192;180;198m━[38;2;158;148;161;48;2;201;192;201m╵[38;2;83;79;85;48;2;219;213;217m▗[38;2;210;206;208;48;2;66;62;69m▃[38;2;194;190;194;48;2;108;105;110m━[38;2;218;215;217;48;2;142;138;142m▖[38;2;92;89;94;48;2;223;218;221m▅[38;2;55;52;59;48;2;190;184;191m┳[38;2;240;232;238;48;2;245;239;242m╲[38;2;212;198;216;48;2;235;226;234m┒[38;2;219;207;221;48;2;243;236;240m▖[38;2;233;223;232m▂[38;2;53;46;62;48;2;208;199;208m▝[38;2;30;26;41;48;2;71;110;119m▖[38;2;79;140;144;48;2;65;64;79m▘[38;2;65;56;72;48;2;31;27;38m▌[0m[7m[38;2;20;17;30m▆[0m [38;2;26;27;38m        [0m
[38;2;0;0;0m        [7m[38;2;20;11;27m▋[0m[38;2;227;223;229;48;2;203;191;208m╴[38;2;114;84;98;48;2;195;155;164m╲[38;2;149;92;91;48;2;244;177;169m▁[38;2;118;104;118;48;2;207;165;167m▝[38;2;246;240;243;48;2;228;216;228m▌[38;2;193;183;197;48;2;145;132;153m▚[38;2;248;243;244;48;2;241;235;238m╴[38;2;194;187;192;48;2;83;80;86m▏[38;2;81;78;84;48;2;217;213;215m▅[38;2;234;231;233;48;2;108;105;110m╼[38;2;66;63;69;48;2;166;162;166m▚[38;2;84;80;87;48;2;200;195;198m▃[38;2;80;76;83;48;2;224;219;221m▘[38;2;231;219;230;48;2;244;237;241m╻[38;2;157;141;169;48;2;209;198;212m┃[38;2;221;208;223;48;2;236;227;234m┙[38;2;247;241;243;48;2;238;229;236m▇[38;2;242;234;238;48;2;244;237;241m╴[38;2;41;37;53;48;2;192;186;192m▝[0m[7m[38;2;63;62;79m▂[0m [7m[38;2;20;15;27m▆[0m[38;2;25;26;37m         [0m
[38;2;0;0;0m        [38;2;23;19;32m▝[38;2;64;61;72;48;2;201;192;203m▃[38;2;215;202;220;48;2;204;190;210m╴[38;2;200;190;205;48;2;128;106;125m▆[38;2;237;227;234;48;2;222;211;222m╴[38;2;126;114;135;48;2;202;189;206m▗[38;2;154;143;160;48;2;243;238;240m▘[38;2;248;243;244;48;2;248;242;244m▆[38;2;130;126;131;48;2;201;196;201m╺[38;2;117;113;120;48;2;205;201;204m┚[38;2;106;103;108;48;2;198;194;197m┊[38;2;153;150;153;48;2;37;33;41m▇[38;2;189;185;188;48;2;53;49;56m▆[38;2;248;243;245;48;2;246;241;242m╴[38;2;248;243;244;48;2;242;235;239m╴[38;2;221;209;222;48;2;143;128;155m▋[38;2;150;137;157;48;2;239;231;237m▎[38;2;242;234;239;48;2;228;216;228m▘[38;2;240;231;238;48;2;245;239;242m▁[38;2;238;229;236;48;2;246;241;243m▂[0m[7m[38;2;186;177;187m▝[0m [38;2;24;23;34m          [0m
[38;2;0;0;0m         [0m [7m[38;2;124;115;130m▇[38;2;175;163;180m▅[0m[38;2;22;18;31;48;2;96;88;104m╍[38;2;106;96;114;48;2;219;212;217m▘[38;2;223;210;225;48;2;242;235;240m▗[38;2;248;244;245;48;2;248;242;244m╴[38;2;248;242;244;48;2;240;231;237m▍[38;2;239;230;236;48;2;245;239;242m▖[38;2;241;232;238;48;2;246;240;242m┗[38;2;236;227;235;48;2;247;241;243m▃[38;2;249;244;245;48;2;248;242;244m┊[38;2;236;227;235;48;2;244;237;241m╹[38;2;229;217;229;48;2;242;235;240m┱[38;2;243;237;241;48;2;231;222;230m┊[38;2;145;132;155;48;2;214;201;217m▚[38;2;137;124;144;48;2;234;226;233m▁[38;2;189;146;151;48;2;236;229;233m▃[38;2;94;53;57;48;2;209;187;189m▗[38;2;46;40;55;48;2;174;163;182m▃[0m[38;2;78;72;87m▏          [0m
[38;2;0;0;0m           [0m [38;2;40;38;49;48;2;177;171;178m▍[38;2;242;235;240;48;2;247;242;244m▁[38;2;234;225;233;48;2;221;208;224m▘[38;2;221;209;223;48;2;245;239;242m▏[38;2;236;227;235;48;2;243;236;240m▂[38;2;231;220;230;48;2;239;229;236m▃[38;2;222;209;223;48;2;243;236;240m▁[38;2;233;222;232;48;2;244;237;241m▁[38;2;245;238;241;48;2;234;224;233m▂[38;2;232;221;231;48;2;245;239;242m▖[38;2;249;243;245;48;2;247;241;243m┈[38;2;241;233;238;48;2;224;213;226m▆[38;2;129;114;138;48;2;226;214;226m▝[38;2;79;59;73;48;2;177;132;130m▊[38;2;250;219;210;48;2;241;203;195m┊[38;2;147;105;104;48;2;249;220;211m▝[0m[38;2;36;20;29m╴           [0m
[38;2;0;0;0m           [38;2;115;106;119m▗[38;2;248;242;245;48;2;240;233;237m┈[38;2;236;226;234;48;2;216;203;217m▉[38;2;174;125;134;48;2;206;191;206m▁[38;2;155;126;137;48;2;232;205;205m╼[38;2;178;125;124;48;2;230;201;198m━[38;2;33;25;36;48;2;180;156;158m━[38;2;43;36;45;48;2;216;210;214m▄[38;2;42;36;45;48;2;233;227;230m▄[38;2;112;86;90;48;2;233;226;231m▃[38;2;175;143;149;48;2;244;237;241m▃[38;2;146;135;152;48;2;239;232;236m▁[38;2;223;211;224;48;2;243;237;240m╴[38;2;240;231;236;48;2;232;221;231m▇[38;2;195;185;195;48;2;51;43;56m▋[38;2;237;199;192;48;2;61;43;48m▝[38;2;250;222;213;48;2;250;221;211m▄[38;2;223;188;180;48;2;76;53;59m▌[0m [38;2;23;20;31m          [0m
[38;2;0;0;0m           [38;2;228;220;227;48;2;38;34;47m▝[38;2;113;102;122;48;2;186;174;194m▂[38;2;125;87;101;48;2;222;185;182m▋[38;2;250;220;210;48;2;243;188;181m▇[48;2;251;223;213m [38;2;251;223;213;48;2;251;223;214m▁[48;2;249;219;209m╴[38;2;248;209;200;48;2;103;66;70m▖[38;2;170;128;138;48;2;66;45;52m▄[38;2;250;213;203;48;2;244;208;199m┊[38;2;250;223;213;48;2;245;210;201m▇[38;2;247;216;208;48;2;184;143;147m▇[38;2;249;217;208;48;2;174;146;154m▅[38;2;119;87;105;48;2;218;191;190m╺[38;2;123;105;122;48;2;228;217;228m▄[38;2;50;34;43;48;2;226;190;182m▌[38;2;194;151;147;48;2;243;205;196m▁[38;2;250;220;210;48;2;243;212;202m┊[0m[38;2;212;175;168m▏          [0m
[38;2;0;0;0m            [0m [38;2;194;154;149m▝[38;2;234;207;199;48;2;250;222;212m▏[38;2;251;222;212;48;2;251;223;213m▁[38;2;250;222;212m▃[38;2;250;222;213m▃[38;2;241;215;206;48;2;66;20;22m▋[0m[38;2;157;114;110m▝[38;2;176;134;127;48;2;249;221;212m▏[38;2;251;223;213;48;2;251;223;214m▆[38;2;251;223;214;48;2;250;223;213m┭[48;2;250;222;213m▌[38;2;90;47;49;48;2;225;195;188m▗[0m[38;2;34;17;26m▘[38;2;21;10;19m┖[38;2;187;150;145;48;2;71;53;57m┺[0m[7m[38;2;226;185;177m▄[0m [38;2;97;69;73m          [0m
[38;2;0;0;0m             [0m [38;2;96;54;55;48;2;231;200;192m▍[38;2;250;221;211;48;2;251;222;213m▌[38;2;251;223;213;48;2;250;222;212m╍[38;2;250;223;213;48;2;250;222;213m┹[0m[7m[38;2;170;132;127m▗[0m [38;2;100;61;61;48;2;247;219;210m▌[38;2;250;222;212;48;2;251;222;212m▏[48;2;251;223;213m▁[38;2;250;222;213;48;2;250;223;213m┊[38;2;205;168;162;48;2;45;19;25m▌[0m[38;2;205;168;162m               [0m
[38;2;0;0;0m             [0m [38;2;73;47;51;48;2;199;167;161m▌[38;2;250;202;194;48;2;250;221;212m▗[38;2;250;207;200;48;2;250;218;209m▄[38;2;250;213;204;48;2;248;211;202m┈[0m[38;2;207;170;162m▎ [7m[38;2;179;143;138m▌[0m[38;2;250;199;191;48;2;250;218;209m▂[38;2;250;202;193;48;2;250;217;208m▃[38;2;250;209;200;48;2;249;221;212m▎[0m[38;2;147;107;104m▌               [0m
[38;2;0;0;0m             [7m[38;2;160;121;117m▋[0m[38;2;225;196;189;48;2;250;221;211m▏[38;2;250;210;201;48;2;250;222;213m▝[38;2;250;220;210;48;2;250;195;188m▂[38;2;81;38;39;48;2;232;192;184m▗[0m [38;2;46;23;30m [0m [38;2;104;66;66;48;2;237;194;185m▎[38;2;251;217;208;48;2;250;194;187m▄[38;2;251;223;213;48;2;250;220;211m╴[38;2;157;118;114;48;2;244;217;208m▝[0m[38;2;110;82;83m▁              [0m
[38;2;0;0;0m             [38;2;43;21;27;48;2;216;183;176m▋[38;2;250;221;212;48;2;249;221;211m┊[38;2;251;223;214;48;2;250;222;213m▇▌[38;2;214;181;174;48;2;62;34;38m▌[0m [38;2;26;26;37m  [38;2;222;194;186m▝[38;2;249;224;214;48;2;250;222;212m╴[38;2;250;222;212;48;2;251;223;214m▂[38;2;251;223;214;48;2;249;221;211m╴[38;2;216;183;176;48;2;40;20;27m▍[0m[38;2;216;183;176m              [0m
[38;2;0;0;0m             [38;2;50;21;25m▝[38;2;89;51;51;48;2;244;213;204m▖[38;2;250;222;212;48;2;251;223;213m▁[38;2;250;223;213;48;2;250;222;212m▉[0m[38;2;179;156;150m▎   [0m [38;2;125;81;78;48;2;249;223;213m▍[38;2;251;222;213;48;2;250;221;212m▅[38;2;154;109;105;48;2;244;216;207m▗[0m[38;2;50;18;22m▘              [0m
[38;2;0;0;0m              [7m[38;2;194;166;161m▊[0m[38;2;250;222;212;48;2;251;223;214m▍[38;2;250;222;213;48;2;250;223;214m▝[0m[38;2;163;126;122m▌[0m [38;2;26;27;38m  [0m [38;2;117;72;70;48;2;249;223;214m▍[38;2;250;222;213;48;2;251;223;213m▝[38;2;234;207;198;48;2;76;32;34m▋[0m [38;2;35;27;34m              [0m
[38;2;0;0;0m              [7m[38;2;183;138;132m▌[0m[38;2;250;222;212;48;2;250;221;212m┈[48;2;250;223;213m [38;2;86;42;43;48;2;241;211;202m▝[0m[38;2;41;19;25m╴ [0m [38;2;233;199;190;48;2;71;46;50m▗[38;2;250;222;212;48;2;250;222;213m▌[38;2;250;222;213;48;2;251;223;213m▁[38;2;98;62;62;48;2;241;198;189m▗[0m[38;2;44;17;22m▘              [0m
[38;2;0;0;0m             [0m [38;2;68;38;40;48;2;241;193;185m▌[38;2;145;114;116;48;2;245;212;202m▁[38;2;105;82;82;48;2;244;209;200m▁[38;2;134;100;101;48;2;246;213;204m▂[38;2;152;124;122;48;2;38;16;23m▊[0m [38;2;175;149;148;48;2;49;32;39m▗[38;2;111;91;94;48;2;228;194;186m▂[38;2;118;97;98;48;2;249;216;206m▂[38;2;108;89;91;48;2;243;211;203m▁[38;2;143;94;94;48;2;235;198;189m▁[0m[38;2;44;15;22m▎              [0m
[38;2;0;0;0m              [0m [7m[38;2;119;75;77m▅[38;2;127;86;88m▅[38;2;112;71;72m▅[38;2;148;100;101m▆[0m [7m[38;2;106;74;78m▇[38;2;111;67;70m▅[38;2;125;86;87m▅[38;2;121;80;81m▅[0m [38;2;26;27;38m               [0m
[?25h